10101
10102
10640
11338
11801
13155
13202
13213
13580
13581
13700
13701
13945
13954
13996
14033
14061
14070
14563
14715
15046
15452
16000
16003
16112
16309
16329
16394
16668
16669
16741
16758
16765
16774
16877
17067
17094
17187
17191
17220
17372
17417
17479
17596
17653
17872
17873
17906
18040
18087
18202
18441
18516
18524
18564
18567
18837
18960
18970
19112
19132
19141
19204
19358
19604
19628
19631
19672
19676
20447
20448
20450
20453
20454
20458
20459
20461
20466
20532
20534
21047
21175
21182
21267
21268
21297
21554
21875
21989
22042
22100
22101
22187
22212
22242
22306
22382
22558
22727
22729
22798
22940
23006
23006
23097
23097
23246
23246
23296
23325
23325
23347
23349
23350
23519
23537
23635
23651
23658
23686
23837
23864
23965
24034
24153
24316
24346
24368
24386
24402
24493
24571
24572
24615
24648
24693
24789
24825
24921
24937
25036
25111
25113
25136
25167
25262
25291
25318
25364
25388
25413
25532
25550
25670
25732
25749
25776
25788
25797
25813
25814
25829
25855
25857
25858
25902
25905
25950
25990
26059
26082
26117
26137
26241
26310
26346
26350
26444
26445
26461
26525
26563
26615
26617
26622
26695
26805
26861
26891
26929
26930
26930
27091
27103
27137
27182
27186
27188
27194
27197
27248
27364
27391
27407
27479
27501
27589
27719
27729
27739
27771
27778
27779
27783
27789
27793
27810
27840
27853
27857
27920
27964
27965
27975
27985
28020
28033
28059
28067
28137
28138
28148
28149
28175
28180
28190
28205
28225
28256
28272
28304
28340
28350
28366
28397
28433
28500
28554
28650
28951
28963
28971
28978
28979
28980
28981
28982
29007
29008
29029
29032
29072
29099
29133
29228
29231
29238
29272
29273
29304
29338
29339
29392
29464
29493
29574
29612
29677
29758
29806
29816
29820
29823
29825
29827
29829
29861
29865
29866
29880
29892
29902
29902
29906
29933
29950
30058
30093
30134
30158
30159
30196
30197
30203
30206
30219
30338
30343
30355
30389
30436
30453
30457
30533
30575
30585
30590
30591
30593
30594
30602
30603
30680
30708
30734
30808
30841
30867
30939
30951
30955
30957
30962
31014
31020
31030
31032
31176
31273
31284
31332
31337
31373
31374
31392
31397
31414
31596
31635
31813
31830
31836
31881
31887
31924
31954
31956
31970
31992
32005
32017
32022
32027
32033
32034
32054
32055
32059
32112
32150
32187
32193
32226
32228
32279
32280
32314
32315
32322
32323
32340
32358
32384
32395
32405
32416
32431
32488
32493
32512
32546
32560
32561
32563
32579
32584
32625
32628
32630
32653
32664
32688
32744
32874
32875
32876
32877
32878
32880
32882
32889
32893
32906
32984
32986
32990
33021
33024
33026
33044
33045
33047
33053
33057
33081
33150
33157
33158
33159
33160
33161
33175
33177
33209
33219
33220
33263
33271
33272
33273
33275
33276
33277
33278
33279
33280
33298
33326
33327
33377
33382
33431
33437
33438
33439
33440
33443
33444
33452
33453
33455
33458
33464
33467
33471
33472
33476
33477
33478
33485
33488
33490
33493
33496
33498
33499
33508
33510
33522
33522
33532
33536
33537
33562
33563
33564
33566
33569
33581
33582
33586
33591
33595
33600
33601
33612
33625
33630
33637
33638
33639
33640
33643
33645
33653
33662
33664
33668
33669
33670
33671
33690
33713
33717
33723
33726
33758
33763
33765
33767
33769
33784
33786
33788
33790
33801
33804
33831
33863
33864
33883
33908
33921
33922
33924
33931
33936
33938
33948
33950
33955
33962
33965
33966
33967
33971
33972
33985
33997
33998
33999
34000
34001
34002
34003
34004
34007
34009
34012
34016
34021
34031
34033
34036
34056
34065
34076
34089
34091
34092
34092
34093
34095
34096
34102
34119
34125
34125
34126
34127
34130
34130
34135
34136
34150
34151
34153
34154
34156
34158
34165
34174
34218
34220
34227
34253
34256
34258
34260
34263
34266
34278
34280
34282
34286
34298
34300
34301
34303
34304
34309
34349
34361
34363
34370
34378
34379
34392
34393
34395
34401
34424
34442
34454
34465
34476
34490
34496
34548
34552
34553
34557
34559
34595
34609
34610
34624
34637
34638
34640
34648
34657
34659
34661
34662
34666
34697
34708
34719
34723
34724
34725
34727
34728
34747
34751
34754
34770
34791
34791
34815
34824
34829
34831
34836
34848
34854
34858
34860
34864
34878
34880
34881
34883
34894
34895
34897
34899
34901
34904
34905
34926
34927
34928
34934
34937
34941
34944
34945
34946
34947
34948
34959
34960
34961
34962
34963
34966
34968
34969
34976
34981
34998
35010
35011
35012
35014
35018
35019
35022
35024
35031
35033
35034
35035
35044
35045
35052
35054
35060
35111
35153
35165
35175
35183
35185
35186
35190
35194
35201
35216
35218
35219
35226
35231
35237
35247
35276
35277
35282
35305
35306
35308
35309
35332
35334
35384
35388
35415
35431
35467
35475
35477
35485
35498
35519
35525
35530
35552
35591
35623
35662
35663
35666
35680
35693
35694
35738
35748
35800
35810
35843
35851
35853
35872
35877
35900
35903
35905
35925
35925
35981
35983
35987
35990
36001
36020
36021
36022
36023
36027
36029
36033
36052
36053
36061
36077
36080
36083
36084
36097
36097
36102
36117
36118
36123
36124
36127
36142
36143
36149
36151
36161
36168
36169
36169
36172
36197
36207
36243
36249
36258
36260
36264
36270
36274
36286
36295
36299
36305
36308
36309
36345
36361
36364
36365
36367
36381
36383
36388
36430
36446
36450
36451
36452
36454
36456
36458
36471
36494
36502
36507
36515
36556
36607
36617
36620
36635
36636
36637
36705
36718
36722
36746
36761
36789
36796
36803
36808
36811
36812
36816
36824
36859
36861
36862
36864
36906
36909
36931
36957
36962
36969
36988
36990
36993
36999
37010
37039
37045
37052
37054
37055
37078
37087
37091
37110
37120
37123
37139
37141
37142
37145
37150
37162
37174
37181
37182
37183
37187
37192
37196
37198
37201
37202
37207
37208
37210
37211
37231
37235
37254
37257
37287
37293
37301
37308
37309
37310
37311
37322
37331
37340
37354
37360
37403
37404
37405
37421
37457
37462
37468
37469
37474
37477
37495
37496
37497
37499
37531
37539
37558
37589
37606
37623
37646
37648
37650
37652
37686
37716
37722
37749
37767
37796
37803
37805
37807
37808
37810
37811
37812
37825
37856
37859
37872
37877
37878
37893
37907
37915
37934
37964
38001
38003
38008
38096
38098
38106
38108
38127
38129
38142
38164
38173
38208
38214
38221
38231
38278
38295
38296
38323
38324
38327
38329
38343
38345
38346
38388
38399
38400
38434
38449
38451
38452
38455
38457
38466
38468
38473
38474
38475
38477
38480
38483
38486
38492
38500
38507
38511
38522
38550
38574
38587
38619
38640
38644
38653
38693
38697
38704
38726
38733
38735
38751
38767
38773
38777
38781
38782
38784
38794
38796
38798
38800
38806
38813
38826
38831
38834
38873
38876
38880
38920
38939
38944
38957
39038
39039
39054
39088
39090
39175
39176
39179
4696
552
5644
580
6284
6493
6726
6742
7195
7783
7936
8060
8552
9071
9312
9314
9355
9546
9646
"idAbt"
